	/* SPDX-License-Identifier: GPL-2.0-or-later
 * Copyright 2022 Blender Foundation. All rights reserved. */

/** \file
 * \ingroup bke
 */

#include "BKE_bspline.h"
#include <ctype.h>
#include <float.h>
#include <math.h>
#include <stdio.h>
#include <stdlib.h>
#include <string.h>
#include <math.h>

#include "MEM_guardedalloc.h"

#include "BLI_alloca.h"
#include "BLI_ghash.h"
#include "BLI_listbase.h"
#include "BLI_math.h"
#include "BLI_string.h"
#include "BLI_utildefines.h"
#include "BLT_translation.h"

#include "DNA_defaults.h"

#include "DNA_customdata_types.h"
#include "DNA_key_types.h"
#include "DNA_material_types.h"
#include "DNA_object_types.h"
#include "DNA_scene_types.h"
#include "DNA_meshdata_types.h"
#include "DNA_modifier_types.h"

#include "BKE_mesh.h"
#include "BKE_editmesh.h"	//BMesh.
#include "BKE_modifier.h"
#include "BKE_action.h"
#include "BKE_anim_data.h"
#include "BKE_anim_visualization.h"
#include "BKE_armature.h"
#include "BKE_constraint.h"
#include "BKE_curve.h"
#include "BKE_idprop.h"
#include "BKE_idtype.h"
#include "BKE_lib_id.h"
#include "BKE_lib_query.h"
#include "BKE_main.h"
#include "BKE_object.h"
#include "BKE_scene.h"

#include "DEG_depsgraph_build.h"
#include "DEG_depsgraph_query.h"

#include "BIK_api.h"

#include "BLO_read_write.h"

#include "CLG_log.h"
#include "BLI_utildefines.h"

#include "BKE_modifier.h"
#include "DNA_mesh_types.h"
#include "DNA_curve_types.h"

//Notes:
//for mem alloc consider MEM_MEM_callocN_arrayN since we use arrs a lot.
//you can loop through vert of face with this: BM_ITER_ELEM (f, &iter, initial_vertex, BM_FACES_OF_VERT)

float* maskList[15];

//Masks/Tables
float MASK9x9[9][9] = {
	{ 1.0f, 1.0f, 0.0f, 1.0f, 1.0f, 0.0f, 0.0f, 0.0f, 0.0f },
	{ 0.0f, 1.0f, 0.0f, 0.0f, 1.0f, 0.0f, 0.0f, 0.0f, 0.0f },
	{ 0.0f, 1.0f, 1.0f, 0.0f, 1.0f, 1.0f, 0.0f, 0.0f, 0.0f },
	{ 0.0f, 0.0f, 0.0f, 1.0f, 1.0f, 0.0f, 0.0f, 0.0f, 0.0f },
	{ 0.0f, 0.0f, 0.0f, 0.0f, 1.0f, 0.0f, 0.0f, 0.0f, 0.0f },
	{ 0.0f, 0.0f, 0.0f, 0.0f, 1.0f, 1.0f, 0.0f, 0.0f, 0.0f },
	{ 0.0f, 0.0f, 0.0f, 1.0f, 1.0f, 0.0f, 1.0f, 1.0f, 0.0f },
	{ 0.0f, 0.0f, 0.0f, 0.0f, 1.0f, 0.0f, 0.0f, 1.0f, 0.0f },
	{ 0.0f, 0.0f, 0.0f, 0.0f, 1.0f, 1.0f, 0.0f, 1.0f, 1.0f }
};

float bi2_bb2b[3][3] = {
	{2.0f, -1.0f, 0.0f},
	{0.0f, 1.0f, 0.0f},
	{0.0f, -1.0f, 2.0f}
};

float bi3_bb2b[4][4] = {
	{6.0f, -7.0f, 2.0f, 0.0f},
	{0.0f, 2.0f, -1.0f, 0.0f},
	{0.0f, -1.0f, 2.0f, 0.0f},
	{0.0f, 2.0f, -7.0f, 6.0f}
};

float bi4_bb2b[5][5] = {
	{24.0f, -46.0f, 29.0f, -6.0f, 0.0f},
	{0.0f, 6.0f, -7.0f, 2.0f, 0.0f},
	{0.0f, -2.0f, 5.0f, -2.0f, 0.0f},
	{0.0f, 2.0f, -7.0f, 6.0f, 0.0f},
	{0.0f, -6.0f, 29.0f, -46.0f, 24.0f}
};

float eopsct3[48][7] = {	//48x7
	{ 0.142094017,0.022970085,0.142094017,0.022970085,0.142094017,0.022970085,0.504807693 },
	{ 0.108193181,0.033573431,0.20989569,0.033573431,0.108193181,0.001763395,0.504807692 },
	{ 0.076388889,0.048611111,0.291666667,0.048611111,0.076388889,0,0.458333333 },
	{ 0.0625,0.0625,0.375,0.0625,0.0625,0,0.375 },
	{ 0.20989569,0.033573431,0.108193181,0.001763395,0.108193181,0.033573431,0.504807693 },
	{ 0.182638697,0.054770548,0.182638697,0.002351193,0.054950525,0.002351193,0.520299146 },
	{ 0.134259259,0.083333333,0.277777778,0.009259259,0.023148148,0,0.472222222 },
	{ 0.104166667,0.104166667,0.375,0.020833333,0.020833333,0,0.375 },
	{ 0.291666667,0.048611111,0.076388889,0,0.076388889,0.048611111,0.458333333 },
	{ 0.277777778,0.083333333,0.134259259,0,0.023148148,0.009259259,0.472222222 },
	{ 0.222222222,0.12962963,0.222222222,0,0,0,0.425925922 },
	{ 0.166666667,0.166666667,0.333333333,0,0,0,0.333333333 },
	{ 0.375,0.0625,0.0625,0,0.0625,0.0625,0.375 },
	{ 0.375,0.104166667,0.104166667,0,0.020833333,0.020833333,0.375 },
	{ 0.333333333,0.166666667,0.166666667,0,0,0,0.333333333 },
	{ 0.25,0.25,0.25,0,0,0,0.25 },
	{ 0.142094017,0.022970085,0.142094017,0.022970085,0.142094017,0.022970085,0.504807692 },
	{ 0.20989569,0.033573431,0.108193181,0.001763395,0.108193181,0.033573431,0.504807692 },
	{ 0.291666667,0.048611111,0.076388889,0,0.076388889,0.048611111,0.458333333 },
	{ 0.375,0.0625,0.0625,0,0.0625,0.0625,0.375 },
	{ 0.108193181,0.001763395,0.108193181,0.033573431,0.20989569,0.033573431,0.504807692 },
	{ 0.182638697,0.002351193,0.054950525,0.002351193,0.182638697,0.054770548,0.520299145 },
	{ 0.277777778,0.009259259,0.023148148,0,0.134259259,0.083333333,0.472222222 },
	{ 0.375,0.020833333,0.020833333,0,0.104166667,0.104166667,0.375 },
	{ 0.076388889,0,0.076388889,0.048611111,0.291666667,0.048611111,0.458333333 },
	{ 0.134259259,0,0.023148148,0.009259259,0.277777778,0.083333333,0.472222222 },
	{ 0.222222222,0,0,0,0.222222222,0.12962963,0.425925926 },
	{ 0.333333333,0,0,0,0.166666667,0.166666667,0.333333333 },
	{ 0.0625,0,0.0625,0.0625,0.375,0.0625,0.375 },
	{ 0.104166667,0,0.020833333,0.020833333,0.375,0.104166667,0.375 },
	{ 0.166666667,0,0,0,0.333333333,0.166666667,0.333333333 },
	{ 0.25,0,0,0,0.25,0.25,0.25 },
	{ 0.142094017,0.022970085,0.142094017,0.022970085,0.142094017,0.022970085,0.504807692 },
	{ 0.108193181,0.001763395,0.108193181,0.033573431,0.20989569,0.033573431,0.504807692 },
	{ 0.076388889,0,0.076388889,0.048611111,0.291666667,0.048611111,0.458333333 },
	{ 0.0625,0,0.0625,0.0625,0.375,0.0625,0.375 },
	{ 0.108193181,0.033573431,0.20989569,0.033573431,0.108193181,0.001763395,0.504807692 },
	{ 0.054950525,0.002351193,0.182638697,0.054770548,0.182638697,0.002351193,0.520299145 },
	{ 0.023148148,0,0.134259259,0.083333333,0.277777778,0.009259259,0.472222222 },
	{ 0.020833333,0,0.104166667,0.104166667,0.375,0.020833333,0.375 },
	{ 0.076388889,0.048611111,0.291666667,0.048611111,0.076388889,0,0.458333333 },
	{ 0.023148148,0.009259259,0.277777778,0.083333333,0.134259259,0,0.472222222 },
	{ 0,0,0.222222222,0.12962963,0.222222222,0,0.425925926 },
	{ 0,0,0.166666667,0.166666667,0.333333333,0,0.333333333 },
	{ 0.0625,0.0625,0.375,0.0625,0.0625,0,0.375 },
	{ 0.020833333,0.020833333,0.375,0.104166667,0.104166667,0,0.375 },
	{ 0,0,0.333333333,0.166666667,0.166666667,0,0.333333333 },
	{ 0,0,0.25,0.25,0.25,0,0.25 }
};

float eopsct5[80][11] = {	//80x11
   { 0.07000000002,0.01,0.07,0.01,0.07,0.01,0.07,0.01,0.07,0.01,0.6 },
   { 0.08356923675,0.017111771,0.113910973,0.017111771,0.083569237,0.007283545,0.034475277,0.001209367,0.034475277,0.007283545,0.6 },
   { 0.09265028324,0.032349717,0.194098301,0.032349717,0.092650283,0,0,0,0,0,0.5559016994 },
   { 0.06250000002,0.0625,0.375,0.0625,0.0625,0,0,0,0,0,0.3750000001 },
   { 0.1139109725,0.017111771,0.083569237,0.007283545,0.034475277,0.001209367,0.034475277,0.007283545,0.083569237,0.017111771,0.6 },
   { 0.1304304706,0.029896041,0.130430471,0.010605881,0.0404496,0.000960224,0.014296359,0.000960224,0.0404496,0.010605881,0.5909152503 },
   { 0.1451001888,0.050810545,0.2127322,0.020100189,0.033989078,0,0,0,0,0,0.5372677996 },
   { 0.1041666667,0.104166667,0.375,0.020833333,0.020833333,0,0,0,0,0,0.375 },
   { 0.1940983006,0.032349717,0.092650283,0,0,0,0,0,0.092650283,0.032349717,0.5559016999 },
   { 0.2127322004,0.050810545,0.145100189,0,0,0,0,0,0.033989078,0.020100189,0.5372677991 },
   { 0.2222222222,0.086265911,0.222222222,0,0,0,0,0,0,0,0.4692896442 },
   { 0.1666666667,0.166666667,0.333333333,0,0,0,0,0,0,0,0.3333333333 },
   { 0.375,0.0625,0.0625,0,0,0,0,0,0.0625,0.0625,0.375 },
   { 0.375,0.104166667,0.104166667,0,0,0,0,0,0.020833333,0.020833333,0.375 },
   { 0.3333333333,0.166666667,0.166666667,0,0,0,0,0,0,0,0.3333333333 },
   { 0.25,0.25,0.25,0,0,0,0,0,0,0,0.25 },
   { 0.07000000002,0.01,0.07,0.01,0.07,0.01,0.07,0.01,0.07,0.01,0.6 },
   { 0.1139109725,0.017111771,0.083569237,0.007283545,0.034475277,0.001209367,0.034475277,0.007283545,0.083569237,0.017111771,0.6 },
   { 0.1940983006,0.032349717,0.092650283,0,0,0,0,0,0.092650283,0.032349717,0.5559016998 },
   { 0.375,0.0625,0.0625,0,0,0,0,0,0.0625,0.0625,0.3750000006 },
   { 0.08356923675,0.007283545,0.034475277,0.001209367,0.034475277,0.007283545,0.083569237,0.017111771,0.113910973,0.017111771,0.6 },
   { 0.1304304706,0.010605881,0.0404496,0.000960224,0.014296359,0.000960224,0.0404496,0.010605881,0.130430471,0.029896041,0.5909152502 },
   { 0.2127322004,0.020100189,0.033989078,0,0,0,0,0,0.145100189,0.050810545,0.5372677991 },
   { 0.375,0.020833333,0.020833333,0,0,0,0,0,0.104166667,0.104166667,0.375 },
   { 0.09265028324,0,0,0,0,0,0.092650283,0.032349717,0.194098301,0.032349717,0.5559016992 },
   { 0.1451001888,0,0,0,0,0,0.033989078,0.020100189,0.2127322,0.050810545,0.5372677996 },
   { 0.2222222222,0,0,0,0,0,0,0,0.222222222,0.086265911,0.4692896442 },
   { 0.3333333333,0,0,0,0,0,0,0,0.166666667,0.166666667,0.3333333333 },
   { 0.0625,0,0,0,0,0,0.0625,0.0625,0.375,0.0625,0.375 },
   { 0.1041666667,0,0,0,0,0,0.020833333,0.020833333,0.375,0.104166667,0.375 },
   { 0.1666666667,0,0,0,0,0,0,0,0.333333333,0.166666667,0.3333333333 },
   { 0.25,0,0,0,0,0,0,0,0.25,0.25,0.25 },
   { 0.07,0.01,0.07,0.01,0.07,0.01,0.07,0.01,0.07,0.01,0.6 },
   { 0.08356923675,0.007283545,0.034475277,0.001209367,0.034475277,0.007283545,0.083569237,0.017111771,0.113910973,0.017111771,0.6 },
   { 0.09265028324,0,0,0,0,0,0.092650283,0.032349717,0.194098301,0.032349717,0.5559016994 },
   { 0.0625,0,0,0,0,0,0.0625,0.0625,0.375,0.0625,0.3750000001 },
   { 0.03447527697,0.001209367,0.034475277,0.007283545,0.083569237,0.017111771,0.113910973,0.017111771,0.083569237,0.007283545,0.6 },
   { 0.04044959983,0.000960224,0.014296359,0.000960224,0.0404496,0.010605881,0.130430471,0.029896041,0.130430471,0.010605881,0.5909152503 },
   { 0.03398907771,0,0,0,0,0,0.145100189,0.050810545,0.2127322,0.020100189,0.5372677996 },
   { 0.02083333333,0,0,0,0,0,0.104166667,0.104166667,0.375,0.020833333,0.375 },
   { 0,0,0,0,0.092650283,0.032349717,0.194098301,0.032349717,0.092650283,0,0.5559016994 },
   { 0,0,0,0,0.033989078,0.020100189,0.2127322,0.050810545,0.145100189,0,0.5372677996 },
   { 0,0,0,0,0,0,0.222222222,0.086265911,0.222222222,0,0.4692896442 },
   { 0,0,0,0,0,0,0.166666667,0.166666667,0.333333333,0,0.3333333333 },
   { 0,0,0,0,0.0625,0.0625,0.375,0.0625,0.0625,0,0.375 },
   { 0,0,0,0,0.020833333,0.020833333,0.375,0.104166667,0.104166667,0,0.375 },
   { 0,0,0,0,0,0,0.333333333,0.166666667,0.166666667,0,0.3333333333 },
   { 0,0,0,0,0,0,0.25,0.25,0.25,0,0.25 },
   { 0.07,0.01,0.07,0.01,0.07,0.01,0.07,0.01,0.07,0.01,0.6 },
   { 0.03447527697,0.001209367,0.034475277,0.007283545,0.083569237,0.017111771,0.113910973,0.017111771,0.083569237,0.007283545,0.6 },
   { 0,0,0,0,0.092650283,0.032349717,0.194098301,0.032349717,0.092650283,0,0.5559016994 },
   { 0,0,0,0,0.0625,0.0625,0.375,0.0625,0.0625,0,0.3750000001 },
   { 0.03447527697,0.007283545,0.083569237,0.017111771,0.113910973,0.017111771,0.083569237,0.007283545,0.034475277,0.001209367,0.6 },
   { 0.01429635882,0.000960224,0.0404496,0.010605881,0.130430471,0.029896041,0.130430471,0.010605881,0.0404496,0.000960224,0.5909152503 },
   { 0,0,0,0,0.145100189,0.050810545,0.2127322,0.020100189,0.033989078,0,0.5372677996 },
   { 0,0,0,0,0.104166667,0.104166667,0.375,0.020833333,0.020833333,0,0.375 },
   { 0,0,0.092650283,0.032349717,0.194098301,0.032349717,0.092650283,0,0,0,0.5559016994 },
   { 0,0,0.033989078,0.020100189,0.2127322,0.050810545,0.145100189,0,0,0,0.5372677996 },
   { 0,0,0,0,0.222222222,0.086265911,0.222222222,0,0,0,0.4692896442 },
   { 0,0,0,0,0.166666667,0.166666667,0.333333333,0,0,0,0.3333333333 },
   { 0,0,0.0625,0.0625,0.375,0.0625,0.0625,0,0,0,0.375 },
   { 0,0,0.020833333,0.020833333,0.375,0.104166667,0.104166667,0,0,0,0.375 },
   { 0,0,0,0,0.333333333,0.166666667,0.166666667,0,0,0,0.3333333333 },
   { 0,0,0,0,0.25,0.25,0.25,0,0,0,0.25 },
   { 0.07,0.01,0.07,0.01,0.07,0.01,0.07,0.01,0.07,0.01,0.6 },
   { 0.03447527697,0.007283545,0.083569237,0.017111771,0.113910973,0.017111771,0.083569237,0.007283545,0.034475277,0.001209367,0.6 },
   { 0,0,0.092650283,0.032349717,0.194098301,0.032349717,0.092650283,0,0,0,0.5559016994 },
   { 0,0,0.0625,0.0625,0.375,0.0625,0.0625,0,0,0,0.3750000001 },
   { 0.08356923675,0.017111771,0.113910973,0.017111771,0.083569237,0.007283545,0.034475277,0.001209367,0.034475277,0.007283545,0.6 },
   { 0.04044959983,0.010605881,0.130430471,0.029896041,0.130430471,0.010605881,0.0404496,0.000960224,0.014296359,0.000960224,0.5909152503 },
   { 0,0,0.145100189,0.050810545,0.2127322,0.020100189,0.033989078,0,0,0,0.5372677996 },
   { 0,0,0.104166667,0.104166667,0.375,0.020833333,0.020833333,0,0,0,0.375 },
   { 0.09265028324,0.032349717,0.194098301,0.032349717,0.092650283,0,0,0,0,0,0.5559016994 },
   { 0.03398907771,0.020100189,0.2127322,0.050810545,0.145100189,0,0,0,0,0,0.5372677996 },
   { 0,0,0.222222222,0.086265911,0.222222222,0,0,0,0,0,0.4692896442 },
   { 0,0,0.166666667,0.166666667,0.333333333,0,0,0,0,0,0.3333333333 },
   { 0.0625,0.0625,0.375,0.0625,0.0625,0,0,0,0,0,0.375 },
   { 0.02083333333,0.020833333,0.375,0.104166667,0.104166667,0,0,0,0,0,0.375 },
   { 0,0,0.333333333,0.166666667,0.166666667,0,0,0,0,0,0.3333333333 },
   { 0,0,0.25,0.25,0.25,0,0,0,0,0,0.25 }
};

float eopsct6[384][13] = {	//384x13
   { 0.25,0,0,0,0,0,0,0,0,0,0.25,0.25,0.25 },
   { 0.2083333333,0,0,0,0,0,0,0,0,0,0.291666667,0.208333333,0.2916666667 },
   { 0.171875,0,0,0,0,0,0,0,5.21E-03,5.21E-03,0.322916667,0.171875,0.3229166667 },
   { 0.140625,0,0,0,0,0,0,0,1.56E-02,1.56E-02,0.34375,0.140625,0.34375 },
   { 0.2916666667,0,0,0,0,0,0,0,0,0,0.208333333,0.208333333,0.2916666667 },
   { 0.2430555556,0,0,0,0,0,0,0,0,0,0.243055556,0.163037266,0.3508516233 },
   { 0.201842564,0,0,0,0,0,0,0,7.40E-03,5.66E-03,0.261166838,0.128690129,0.3952403407 },
   { 0.1670363941,0,0,0,0,0,0,0,2.12E-02,1.40E-02,0.268614969,0.10231803,0.426815415 },
   { 0.3229166667,5.21E-03,5.21E-03,0,0,0,0,0,0,0,0.171875,0.171875,0.3229166667 },
   { 0.2611668381,5.66E-03,7.40E-03,0,0,0,0,0,0,0,0.201842564,0.128690129,0.3952403407 },
   { 0.2124865923,4.72E-03,8.60E-03,8.28E-05,7.16E-04,9.62E-05,7.16E-04,8.28E-05,8.60E-03,4.72E-03,0.212486592,9.80E-02,0.4486937726 },
   { 0.1733396861,3.79E-03,9.24E-03,1.85E-04,1.15E-03,1.77E-04,2.25E-03,3.25E-04,2.28E-02,1.07E-02,0.214085124,7.58E-02,0.4860848426 },
   { 0.34375,1.56E-02,1.56E-02,0,0,0,0,0,0,0,0.140625,0.140625,0.34375 },
   { 0.2686149691,1.40E-02,2.12E-02,0,0,0,0,0,0,0,0.167036394,0.10231803,0.426815415 },
   { 0.214085124,1.07E-02,2.28E-02,3.25E-04,2.25E-03,1.77E-04,1.15E-03,1.85E-04,9.24E-03,3.79E-03,0.173339686,7.58E-02,0.4860848426 },
   { 0.171402049,8.08E-03,2.31E-02,6.25E-04,4.53E-03,4.07E-04,4.53E-03,6.25E-04,2.31E-02,8.08E-03,0.171402049,5.72E-02,0.5269036265 },
   { 0.34375,1.56E-02,1.56E-02,0,0,0,0,0,0,0,0.140625,0.140625,0.34375 },
   { 0.2686149691,1.40E-02,2.12E-02,0,0,0,0,0,0,0,0.167036394,0.10231803,0.426815415 },
   { 0.214085124,1.07E-02,2.28E-02,3.25E-04,2.25E-03,1.77E-04,1.15E-03,1.85E-04,9.24E-03,3.79E-03,0.173339686,7.58E-02,0.4860848426 },
   { 0.171402049,8.08E-03,2.31E-02,6.25E-04,4.53E-03,4.07E-04,4.53E-03,6.25E-04,2.31E-02,8.08E-03,0.171402049,5.72E-02,0.5269036265 },
   { 0.3645833333,2.60E-02,2.60E-02,0,0,0,0,0,0,0,0.109375,0.109375,0.3645833333 },
   { 0.2760631001,2.24E-02,3.50E-02,0,0,0,0,0,0,0,0.132230224,7.59E-02,0.4583904893 },
   { 0.2156836555,1.67E-02,3.71E-02,5.66E-04,3.79E-03,2.58E-04,1.59E-03,2.87E-04,9.88E-03,2.86E-03,0.13419278,5.37E-02,0.5234759125 },
   { 0.1694644119,1.24E-02,3.70E-02,1.06E-03,7.90E-03,6.36E-04,6.80E-03,9.25E-04,2.34E-02,5.45E-03,0.128718974,3.86E-02,0.5677224101 },
   { 0.375,4.17E-02,4.17E-02,0,0,0,0,0,0,0,8.33E-02,8.33E-02,0.375 },
   { 0.2728480796,3.34E-02,5.52E-02,0,0,0,0,0,0,0,0.103830876,5.75E-02,0.4771519204 },
   { 0.208570098,2.41E-02,5.73E-02,9.71E-04,6.05E-03,3.24E-04,1.85E-03,4.05E-04,9.60E-03,1.73E-03,0.104245806,4.00E-02,0.54480462 },
   { 0.1592858455,1.72E-02,5.54E-02,1.76E-03,1.35E-02,9.18E-04,9.10E-03,1.20E-03,2.23E-02,3.49E-03,9.79E-02,2.79E-02,0.5900905506 },
   { 0.375,6.25E-02,6.25E-02,0,0,0,0,0,0,0,6.25E-02,6.25E-02,0.375 },
   { 0.2649176954,4.42E-02,8.08E-02,0,0,0,0,0,0,0,8.08E-02,4.42E-02,0.4850823046 },
   { 0.1990848336,3.01E-02,8.07E-02,1.58E-03,9.14E-03,4.26E-04,2.16E-03,4.26E-04,9.14E-03,1.58E-03,8.07E-02,3.01E-02,0.5548579668 },
   { 0.1483129502,2.04E-02,7.55E-02,2.91E-03,2.03E-02,1.23E-03,1.10E-02,1.23E-03,2.03E-02,2.91E-03,7.55E-02,2.04E-02,0.5998044522 },
   { 0.140625,0,0,0,0,0,0,0,1.56E-02,1.56E-02,0.34375,0.140625,0.34375 },
   { 0.109375,0,0,0,0,0,0,0,2.60E-02,2.60E-02,0.364583333,0.109375,0.3645833333 },
   { 0.08333333332,0,0,0,0,0,0,0,4.17E-02,4.17E-02,0.375,8.33E-02,0.375 },
   { 0.0625,0,0,0,0,0,0,0,6.25E-02,6.25E-02,0.375,6.25E-02,0.375 },
   { 0.1670363941,0,0,0,0,0,0,0,2.12E-02,1.40E-02,0.268614969,0.10231803,0.426815415 },
   { 0.132230224,0,0,0,0,0,0,0,3.50E-02,2.24E-02,0.2760631,7.59E-02,0.4583904893 },
   { 0.1038308756,0,0,0,0,0,0,0,5.52E-02,3.34E-02,0.27284808,5.75E-02,0.4771519204 },
   { 0.08084705074,0,0,0,0,0,0,0,8.08E-02,4.42E-02,0.264917695,4.42E-02,0.4850823046 },
   { 0.1733396861,3.79E-03,9.24E-03,1.85E-04,1.15E-03,1.77E-04,2.25E-03,3.25E-04,2.28E-02,1.07E-02,0.214085124,7.58E-02,0.4860848429 },
   { 0.13419278,2.86E-03,9.88E-03,2.87E-04,1.59E-03,2.58E-04,3.79E-03,5.66E-04,3.71E-02,1.67E-02,0.215683656,5.37E-02,0.5234759121 },
   { 0.1042458062,1.73E-03,9.60E-03,4.05E-04,1.85E-03,3.24E-04,6.05E-03,9.71E-04,5.73E-02,2.41E-02,0.208570098,4.00E-02,0.5448046208 },
   { 0.08074455226,1.58E-03,9.14E-03,4.26E-04,2.16E-03,4.26E-04,9.14E-03,1.58E-03,8.07E-02,3.01E-02,0.199084834,3.01E-02,0.5548579666 },
   { 0.171402049,8.08E-03,2.31E-02,6.25E-04,4.53E-03,4.07E-04,4.53E-03,6.25E-04,2.31E-02,8.08E-03,0.171402049,5.72E-02,0.5269036262 },
   { 0.1287189742,5.45E-03,2.34E-02,9.25E-04,6.80E-03,6.36E-04,7.90E-03,1.06E-03,3.70E-02,1.24E-02,0.169464412,3.86E-02,0.5677224101 },
   { 0.09788266974,3.49E-03,2.23E-02,1.20E-03,9.10E-03,9.18E-04,1.35E-02,1.76E-03,5.54E-02,1.72E-02,0.159285846,2.79E-02,0.5900905502 },
   { 0.07554106924,2.91E-03,2.03E-02,1.23E-03,1.10E-02,1.23E-03,2.03E-02,2.91E-03,7.55E-02,2.04E-02,0.14831295,2.04E-02,0.599804452 },
   { 0.171402049,8.08E-03,2.31E-02,6.25E-04,4.53E-03,4.07E-04,4.53E-03,6.25E-04,2.31E-02,8.08E-03,0.171402049,5.72E-02,0.5269036265 },
   { 0.1287189742,5.45E-03,2.34E-02,9.25E-04,6.80E-03,6.36E-04,7.90E-03,1.06E-03,3.70E-02,1.24E-02,0.169464412,3.86E-02,0.5677224101 },
   { 0.09788266974,3.49E-03,2.23E-02,1.20E-03,9.10E-03,9.18E-04,1.35E-02,1.76E-03,5.54E-02,1.72E-02,0.159285846,2.79E-02,0.5900905506 },
   { 0.07554106924,2.91E-03,2.03E-02,1.23E-03,1.10E-02,1.23E-03,2.03E-02,2.91E-03,7.55E-02,2.04E-02,0.14831295,2.04E-02,0.5998044521 },
   { 0.1694644119,1.24E-02,3.70E-02,1.06E-03,7.90E-03,6.36E-04,6.80E-03,9.25E-04,2.34E-02,5.45E-03,0.128718974,3.86E-02,0.5677224101 },
   { 0.1232451685,8.04E-03,3.69E-02,1.56E-03,1.20E-02,1.01E-03,1.20E-02,1.56E-03,3.69E-02,8.04E-03,0.123245169,2.35E-02,0.6119689088 },
   { 0.09151953324,5.25E-03,3.50E-02,2.00E-03,1.64E-02,1.51E-03,2.10E-02,2.55E-03,5.36E-02,1.02E-02,0.110001593,1.57E-02,0.6353764813 },
   { 0.07033758623,4.25E-03,3.15E-02,2.04E-03,1.99E-02,2.04E-03,3.15E-02,4.25E-03,7.03E-02,1.08E-02,9.75E-02,1.08E-02,0.6447509374 },
   { 0.1592858455,1.72E-02,5.54E-02,1.76E-03,1.35E-02,9.18E-04,9.10E-03,1.20E-03,2.23E-02,3.49E-03,9.79E-02,2.79E-02,0.5900905506 },
   { 0.1100015931,1.02E-02,5.36E-02,2.55E-03,2.10E-02,1.51E-03,1.64E-02,2.00E-03,3.50E-02,5.25E-03,9.15E-02,1.57E-02,0.6353764813 },
   { 0.08032779984,6.79E-03,4.90E-02,2.87E-03,2.80E-02,2.35E-03,2.80E-02,2.87E-03,4.90E-02,6.79E-03,8.03E-02,1.02E-02,0.6534653663 },
   { 0.06084879983,5.12E-03,4.30E-02,3.11E-03,3.40E-02,3.11E-03,4.30E-02,5.12E-03,6.08E-02,7.14E-03,6.98E-02,7.14E-03,0.6578225806 },
   { 0.1483129502,2.04E-02,7.55E-02,2.91E-03,2.03E-02,1.23E-03,1.10E-02,1.23E-03,2.03E-02,2.91E-03,7.55E-02,2.04E-02,0.5998044522 },
   { 0.09754106666,1.08E-02,7.03E-02,4.25E-03,3.15E-02,2.04E-03,1.99E-02,2.04E-03,3.15E-02,4.25E-03,7.03E-02,1.08E-02,0.6447509378 },
   { 0.06978899748,7.14E-03,6.08E-02,5.12E-03,4.30E-02,3.11E-03,3.40E-02,3.11E-03,4.30E-02,5.12E-03,6.08E-02,7.14E-03,0.6578225809 },
   { 0.05190860216,5.12E-03,5.19E-02,5.12E-03,5.19E-02,5.12E-03,5.19E-02,5.12E-03,5.19E-02,5.12E-03,5.19E-02,5.12E-03,0.6578225808 },
   { 0.25,0.25,0.25,0,0,0,0,0,0,0,0,0,0.25 },
   { 0.2916666667,0.208333333,0.208333333,0,0,0,0,0,0,0,0,0,0.2916666667 },
   { 0.3229166667,0.171875,0.171875,0,0,0,0,0,0,0,5.21E-03,5.21E-03,0.3229166667 },
   { 0.34375,0.140625,0.140625,0,0,0,0,0,0,0,1.56E-02,1.56E-02,0.34375 },
   { 0.2083333333,0.208333333,0.291666667,0,0,0,0,0,0,0,0,0,0.2916666667 },
   { 0.2430555556,0.163037266,0.243055556,0,0,0,0,0,0,0,0,0,0.3508516233 },
   { 0.2611668381,0.128690129,0.201842564,0,0,0,0,0,0,0,7.40E-03,5.66E-03,0.3952403407 },
   { 0.2686149691,0.10231803,0.167036394,0,0,0,0,0,0,0,2.12E-02,1.40E-02,0.426815415 },
   { 0.171875,0.171875,0.322916667,5.21E-03,5.21E-03,0,0,0,0,0,0,0,0.3229166667 },
   { 0.201842564,0.128690129,0.261166838,5.66E-03,7.40E-03,0,0,0,0,0,0,0,0.3952403407 },
   { 0.2124865923,9.80E-02,0.212486592,4.72E-03,8.60E-03,8.28E-05,7.16E-04,9.62E-05,7.16E-04,8.28E-05,8.60E-03,4.72E-03,0.4486937726 },
   { 0.214085124,7.58E-02,0.173339686,3.79E-03,9.24E-03,1.85E-04,1.15E-03,1.77E-04,2.25E-03,3.25E-04,2.28E-02,1.07E-02,0.4860848426 },
   { 0.140625,0.140625,0.34375,1.56E-02,1.56E-02,0,0,0,0,0,0,0,0.34375 },
   { 0.1670363941,0.10231803,0.268614969,1.40E-02,2.12E-02,0,0,0,0,0,0,0,0.426815415 },
   { 0.1733396862,7.58E-02,0.214085124,1.07E-02,2.28E-02,3.25E-04,2.25E-03,1.77E-04,1.15E-03,1.85E-04,9.24E-03,3.79E-03,0.4860848426 },
   { 0.171402049,5.72E-02,0.171402049,8.08E-03,2.31E-02,6.25E-04,4.53E-03,4.07E-04,4.53E-03,6.25E-04,2.31E-02,8.08E-03,0.5269036265 },
   { 0.140625,0.140625,0.34375,1.56E-02,1.56E-02,0,0,0,0,0,0,0,0.34375 },
   { 0.1670363941,0.10231803,0.268614969,1.40E-02,2.12E-02,0,0,0,0,0,0,0,0.426815415 },
   { 0.1733396862,7.58E-02,0.214085124,1.07E-02,2.28E-02,3.25E-04,2.25E-03,1.77E-04,1.15E-03,1.85E-04,9.24E-03,3.79E-03,0.4860848426 },
   { 0.171402049,5.72E-02,0.171402049,8.08E-03,2.31E-02,6.25E-04,4.53E-03,4.07E-04,4.53E-03,6.25E-04,2.31E-02,8.08E-03,0.5269036265 },
   { 0.109375,0.109375,0.364583333,2.60E-02,2.60E-02,0,0,0,0,0,0,0,0.3645833333 },
   { 0.132230224,7.59E-02,0.2760631,2.24E-02,3.50E-02,0,0,0,0,0,0,0,0.4583904893 },
   { 0.1341927801,5.37E-02,0.215683656,1.67E-02,3.71E-02,5.66E-04,3.79E-03,2.58E-04,1.59E-03,2.87E-04,9.88E-03,2.86E-03,0.5234759125 },
   { 0.1287189742,3.86E-02,0.169464412,1.24E-02,3.70E-02,1.06E-03,7.90E-03,6.36E-04,6.80E-03,9.25E-04,2.34E-02,5.45E-03,0.5677224101 },
   { 0.08333333332,8.33E-02,0.375,4.17E-02,4.17E-02,0,0,0,0,0,0,0,0.375 },
   { 0.1038308756,5.75E-02,0.27284808,3.34E-02,5.52E-02,0,0,0,0,0,0,0,0.4771519204 },
   { 0.1042458062,4.00E-02,0.208570098,2.41E-02,5.73E-02,9.71E-04,6.05E-03,3.24E-04,1.85E-03,4.05E-04,9.60E-03,1.73E-03,0.54480462 },
   { 0.09788266974,2.79E-02,0.159285846,1.72E-02,5.54E-02,1.76E-03,1.35E-02,9.18E-04,9.10E-03,1.20E-03,2.23E-02,3.49E-03,0.5900905506 },
   { 0.0625,6.25E-02,0.375,6.25E-02,6.25E-02,0,0,0,0,0,0,0,0.375 },
   { 0.08084705074,4.42E-02,0.264917695,4.42E-02,8.08E-02,0,0,0,0,0,0,0,0.4850823046 },
   { 0.08074455226,3.01E-02,0.199084834,3.01E-02,8.07E-02,1.58E-03,9.14E-03,4.26E-04,2.16E-03,4.26E-04,9.14E-03,1.58E-03,0.5548579668 },
   { 0.07554106924,2.04E-02,0.14831295,2.04E-02,7.55E-02,2.91E-03,2.03E-02,1.23E-03,1.10E-02,1.23E-03,2.03E-02,2.91E-03,0.5998044522 },
   { 0.34375,0.140625,0.140625,0,0,0,0,0,0,0,1.56E-02,1.56E-02,0.34375 },
   { 0.3645833333,0.109375,0.109375,0,0,0,0,0,0,0,2.60E-02,2.60E-02,0.3645833333 },
   { 0.375,8.33E-02,8.33E-02,0,0,0,0,0,0,0,4.17E-02,4.17E-02,0.375 },
   { 0.375,6.25E-02,6.25E-02,0,0,0,0,0,0,0,6.25E-02,6.25E-02,0.375 },
   { 0.2686149691,0.10231803,0.167036394,0,0,0,0,0,0,0,2.12E-02,1.40E-02,0.426815415 },
   { 0.2760631001,7.59E-02,0.132230224,0,0,0,0,0,0,0,3.50E-02,2.24E-02,0.4583904893 },
   { 0.2728480795,5.75E-02,0.103830876,0,0,0,0,0,0,0,5.52E-02,3.34E-02,0.4771519204 },
   { 0.2649176954,4.42E-02,8.08E-02,0,0,0,0,0,0,0,8.08E-02,4.42E-02,0.4850823046 },
   { 0.214085124,7.58E-02,0.173339686,3.79E-03,9.24E-03,1.85E-04,1.15E-03,1.77E-04,2.25E-03,3.25E-04,2.28E-02,1.07E-02,0.4860848426 },
   { 0.2156836555,5.37E-02,0.13419278,2.86E-03,9.88E-03,2.87E-04,1.59E-03,2.58E-04,3.79E-03,5.66E-04,3.71E-02,1.67E-02,0.5234759125 },
   { 0.208570098,4.00E-02,0.104245806,1.73E-03,9.60E-03,4.05E-04,1.85E-03,3.24E-04,6.05E-03,9.71E-04,5.73E-02,2.41E-02,0.54480462 },
   { 0.1990848336,3.01E-02,8.07E-02,1.58E-03,9.14E-03,4.26E-04,2.16E-03,4.26E-04,9.14E-03,1.58E-03,8.07E-02,3.01E-02,0.5548579669 },
   { 0.171402049,5.72E-02,0.171402049,8.08E-03,2.31E-02,6.25E-04,4.53E-03,4.07E-04,4.53E-03,6.25E-04,2.31E-02,8.08E-03,0.5269036265 },
   { 0.1694644119,3.86E-02,0.128718974,5.45E-03,2.34E-02,9.25E-04,6.80E-03,6.36E-04,7.90E-03,1.06E-03,3.70E-02,1.24E-02,0.5677224101 },
   { 0.1592858455,2.79E-02,9.79E-02,3.49E-03,2.23E-02,1.20E-03,9.10E-03,9.18E-04,1.35E-02,1.76E-03,5.54E-02,1.72E-02,0.5900905506 },
   { 0.1483129502,2.04E-02,7.55E-02,2.91E-03,2.03E-02,1.23E-03,1.10E-02,1.23E-03,2.03E-02,2.91E-03,7.55E-02,2.04E-02,0.599804452 },
   { 0.171402049,5.72E-02,0.171402049,8.08E-03,2.31E-02,6.25E-04,4.53E-03,4.07E-04,4.53E-03,6.25E-04,2.31E-02,8.08E-03,0.5269036265 },
   { 0.1694644119,3.86E-02,0.128718974,5.45E-03,2.34E-02,9.25E-04,6.80E-03,6.36E-04,7.90E-03,1.06E-03,3.70E-02,1.24E-02,0.5677224101 },
   { 0.1592858455,2.79E-02,9.79E-02,3.49E-03,2.23E-02,1.20E-03,9.10E-03,9.18E-04,1.35E-02,1.76E-03,5.54E-02,1.72E-02,0.5900905506 },
   { 0.1483129502,2.04E-02,7.55E-02,2.91E-03,2.03E-02,1.23E-03,1.10E-02,1.23E-03,2.03E-02,2.91E-03,7.55E-02,2.04E-02,0.5998044521 },
   { 0.1287189742,3.86E-02,0.169464412,1.24E-02,3.70E-02,1.06E-03,7.90E-03,6.36E-04,6.80E-03,9.25E-04,2.34E-02,5.45E-03,0.5677224101 },
   { 0.1232451685,2.35E-02,0.123245169,8.04E-03,3.69E-02,1.56E-03,1.20E-02,1.01E-03,1.20E-02,1.56E-03,3.69E-02,8.04E-03,0.6119689088 },
   { 0.1100015931,1.57E-02,9.15E-02,5.25E-03,3.50E-02,2.00E-03,1.64E-02,1.51E-03,2.10E-02,2.55E-03,5.36E-02,1.02E-02,0.6353764813 },
   { 0.09754106666,1.08E-02,7.03E-02,4.25E-03,3.15E-02,2.04E-03,1.99E-02,2.04E-03,3.15E-02,4.25E-03,7.03E-02,1.08E-02,0.6447509374 },
   { 0.09788266974,2.79E-02,0.159285846,1.72E-02,5.54E-02,1.76E-03,1.35E-02,9.18E-04,9.10E-03,1.20E-03,2.23E-02,3.49E-03,0.5900905506 },
   { 0.09151953324,1.57E-02,0.110001593,1.02E-02,5.36E-02,2.55E-03,2.10E-02,1.51E-03,1.64E-02,2.00E-03,3.50E-02,5.25E-03,0.6353764813 },
   { 0.08032779984,1.02E-02,8.03E-02,6.79E-03,4.90E-02,2.87E-03,2.80E-02,2.35E-03,2.80E-02,2.87E-03,4.90E-02,6.79E-03,0.6534653663 },
   { 0.06978899748,7.14E-03,6.08E-02,5.12E-03,4.30E-02,3.11E-03,3.40E-02,3.11E-03,4.30E-02,5.12E-03,6.08E-02,7.14E-03,0.6578225806 },
   { 0.07554106924,2.04E-02,0.14831295,2.04E-02,7.55E-02,2.91E-03,2.03E-02,1.23E-03,1.10E-02,1.23E-03,2.03E-02,2.91E-03,0.5998044522 },
   { 0.07033758623,1.08E-02,9.75E-02,1.08E-02,7.03E-02,4.25E-03,3.15E-02,2.04E-03,1.99E-02,2.04E-03,3.15E-02,4.25E-03,0.6447509378 },
   { 0.06084879983,7.14E-03,6.98E-02,7.14E-03,6.08E-02,5.12E-03,4.30E-02,3.11E-03,3.40E-02,3.11E-03,4.30E-02,5.12E-03,0.6578225809 },
   { 0.05190860216,5.12E-03,5.19E-02,5.12E-03,5.19E-02,5.12E-03,5.19E-02,5.12E-03,5.19E-02,5.12E-03,5.19E-02,5.12E-03,0.6578225808 },
   { 0,0,0.25,0.25,0.25,0,0,0,0,0,0,0,0.25 },
   { 0,0,0.291666667,0.208333333,0.208333333,0,0,0,0,0,0,0,0.2916666667 },
   { 0.005208333332,5.21E-03,0.322916667,0.171875,0.171875,0,0,0,0,0,0,0,0.3229166667 },
   { 0.015625,1.56E-02,0.34375,0.140625,0.140625,0,0,0,0,0,0,0,0.34375 },
   { 0,0,0.208333333,0.208333333,0.291666667,0,0,0,0,0,0,0,0.2916666667 },
   { 0,0,0.243055556,0.163037266,0.243055556,0,0,0,0,0,0,0,0.3508516233 },
   { 0.00739811957,5.66E-03,0.261166838,0.128690129,0.201842564,0,0,0,0,0,0,0,0.3952403407 },
   { 0.0212030607,1.40E-02,0.268614969,0.10231803,0.167036394,0,0,0,0,0,0,0,0.426815415 },
   { 0,0,0.171875,0.171875,0.322916667,5.21E-03,5.21E-03,0,0,0,0,0,0.3229166667 },
   { 0,0,0.201842564,0.128690129,0.261166838,5.66E-03,7.40E-03,0,0,0,0,0,0.3952403407 },
   { 0.008601101982,4.72E-03,0.212486592,9.80E-02,0.212486592,4.72E-03,8.60E-03,8.28E-05,7.16E-04,9.62E-05,7.16E-04,8.28E-05,0.4486937726 },
   { 0.02282838594,1.07E-02,0.214085124,7.58E-02,0.173339686,3.79E-03,9.24E-03,1.85E-04,1.15E-03,1.77E-04,2.25E-03,3.25E-04,0.4860848426 },
   { 0,0,0.140625,0.140625,0.34375,1.56E-02,1.56E-02,0,0,0,0,0,0.34375 },
   { 0,0,0.167036394,0.10231803,0.268614969,1.40E-02,2.12E-02,0,0,0,0,0,0.426815415 },
   { 0.0092426211,3.79E-03,0.173339686,7.58E-02,0.214085124,1.07E-02,2.28E-02,3.25E-04,2.25E-03,1.77E-04,1.15E-03,1.85E-04,0.4860848426 },
   { 0.02310478056,8.08E-03,0.171402049,5.72E-02,0.171402049,8.08E-03,2.31E-02,6.25E-04,4.53E-03,4.07E-04,4.53E-03,6.25E-04,0.5269036265 },
   { 0,0,0.140625,0.140625,0.34375,1.56E-02,1.56E-02,0,0,0,0,0,0.34375 },
   { 0,0,0.167036394,0.10231803,0.268614969,1.40E-02,2.12E-02,0,0,0,0,0,0.426815415 },
   { 0.0092426211,3.79E-03,0.173339686,7.58E-02,0.214085124,1.07E-02,2.28E-02,3.25E-04,2.25E-03,1.77E-04,1.15E-03,1.85E-04,0.4860848426 },
   { 0.02310478056,8.08E-03,0.171402049,5.72E-02,0.171402049,8.08E-03,2.31E-02,6.25E-04,4.53E-03,4.07E-04,4.53E-03,6.25E-04,0.5269036265 },
   { 0,0,0.109375,0.109375,0.364583333,2.60E-02,2.60E-02,0,0,0,0,0,0.3645833333 },
   { 0,0,0.132230224,7.59E-02,0.2760631,2.24E-02,3.50E-02,0,0,0,0,0,0.4583904893 },
   { 0.00988414022,2.86E-03,0.13419278,5.37E-02,0.215683656,1.67E-02,3.71E-02,5.66E-04,3.79E-03,2.58E-04,1.59E-03,2.87E-04,0.5234759125 },
   { 0.02338117518,5.45E-03,0.128718974,3.86E-02,0.169464412,1.24E-02,3.70E-02,1.06E-03,7.90E-03,6.36E-04,6.80E-03,9.25E-04,0.5677224101 },
   { 0,0,8.33E-02,8.33E-02,0.375,4.17E-02,4.17E-02,0,0,0,0,0,0.375 },
   { 0,0,0.103830876,5.75E-02,0.27284808,3.34E-02,5.52E-02,0,0,0,0,0,0.4771519204 },
   { 0.009600497361,1.73E-03,0.104245806,4.00E-02,0.208570098,2.41E-02,5.73E-02,9.71E-04,6.05E-03,3.24E-04,1.85E-03,4.05E-04,0.54480462 },
   { 0.0223086392,3.49E-03,9.79E-02,2.79E-02,0.159285846,1.72E-02,5.54E-02,1.76E-03,1.35E-02,9.18E-04,9.10E-03,1.20E-03,0.5900905506 },
   { 0,0,6.25E-02,6.25E-02,0.375,6.25E-02,6.25E-02,0,0,0,0,0,0.375 },
   { 0,0,8.08E-02,4.42E-02,0.264917695,4.42E-02,8.08E-02,0,0,0,0,0,0.4850823046 },
   { 0.009141617649,1.58E-03,8.07E-02,3.01E-02,0.199084834,3.01E-02,8.07E-02,1.58E-03,9.14E-03,4.26E-04,2.16E-03,4.26E-04,0.5548579668 },
   { 0.02032186354,2.91E-03,7.55E-02,2.04E-02,0.14831295,2.04E-02,7.55E-02,2.91E-03,2.03E-02,1.23E-03,1.10E-02,1.23E-03,0.5998044522 },
   { 0.015625,1.56E-02,0.34375,0.140625,0.140625,0,0,0,0,0,0,0,0.34375 },
   { 0.02604166668,2.60E-02,0.364583333,0.109375,0.109375,0,0,0,0,0,0,0,0.3645833333 },
   { 0.04166666668,4.17E-02,0.375,8.33E-02,8.33E-02,0,0,0,0,0,0,0,0.375 },
   { 0.0625,6.25E-02,0.375,6.25E-02,6.25E-02,0,0,0,0,0,0,0,0.375 },
   { 0.0212030607,1.40E-02,0.268614969,0.10231803,0.167036394,0,0,0,0,0,0,0,0.426815415 },
   { 0.03500800183,2.24E-02,0.2760631,7.59E-02,0.132230224,0,0,0,0,0,0,0,0.4583904893 },
   { 0.05521976451,3.34E-02,0.27284808,5.75E-02,0.103830876,0,0,0,0,0,0,0,0.4771519204 },
   { 0.08084705074,4.42E-02,0.264917695,4.42E-02,8.08E-02,0,0,0,0,0,0,0,0.4850823046 },
   { 0.02282838594,1.07E-02,0.214085124,7.58E-02,0.173339686,3.79E-03,9.24E-03,1.85E-04,1.15E-03,1.77E-04,2.25E-03,3.25E-04,0.4860848426 },
   { 0.0370556699,1.67E-02,0.215683656,5.37E-02,0.13419278,2.86E-03,9.88E-03,2.87E-04,1.59E-03,2.58E-04,3.79E-03,5.66E-04,0.5234759125 },
   { 0.05727283446,2.41E-02,0.208570098,4.00E-02,0.104245806,1.73E-03,9.60E-03,4.05E-04,1.85E-03,3.24E-04,6.05E-03,9.71E-04,0.54480462 },
   { 0.08074455226,3.01E-02,0.199084834,3.01E-02,8.07E-02,1.58E-03,9.14E-03,4.26E-04,2.16E-03,4.26E-04,9.14E-03,1.58E-03,0.5548579669 },
   { 0.02310478056,8.08E-03,0.171402049,5.72E-02,0.171402049,8.08E-03,2.31E-02,6.25E-04,4.53E-03,4.07E-04,4.53E-03,6.25E-04,0.5269036265 },
   { 0.03696694001,1.24E-02,0.169464412,3.86E-02,0.128718974,5.45E-03,2.34E-02,9.25E-04,6.80E-03,6.36E-04,7.90E-03,1.06E-03,0.5677224101 },
   { 0.0554486378,1.72E-02,0.159285846,2.79E-02,9.79E-02,3.49E-03,2.23E-02,1.20E-03,9.10E-03,9.18E-04,1.35E-02,1.76E-03,0.5900905506 },
   { 0.07554106924,2.04E-02,0.14831295,2.04E-02,7.55E-02,2.91E-03,2.03E-02,1.23E-03,1.10E-02,1.23E-03,2.03E-02,2.91E-03,0.599804452 },
   { 0.02310478056,8.08E-03,0.171402049,5.72E-02,0.171402049,8.08E-03,2.31E-02,6.25E-04,4.53E-03,4.07E-04,4.53E-03,6.25E-04,0.5269036265 },
   { 0.03696694001,1.24E-02,0.169464412,3.86E-02,0.128718974,5.45E-03,2.34E-02,9.25E-04,6.80E-03,6.36E-04,7.90E-03,1.06E-03,0.5677224101 },
   { 0.0554486378,1.72E-02,0.159285846,2.79E-02,9.79E-02,3.49E-03,2.23E-02,1.20E-03,9.10E-03,9.18E-04,1.35E-02,1.76E-03,0.5900905506 },
   { 0.07554106924,2.04E-02,0.14831295,2.04E-02,7.55E-02,2.91E-03,2.03E-02,1.23E-03,1.10E-02,1.23E-03,2.03E-02,2.91E-03,0.5998044521 },
   { 0.02338117518,5.45E-03,0.128718974,3.86E-02,0.169464412,1.24E-02,3.70E-02,1.06E-03,7.90E-03,6.36E-04,6.80E-03,9.25E-04,0.5677224101 },
   { 0.03687821015,8.04E-03,0.123245169,2.35E-02,0.123245169,8.04E-03,3.69E-02,1.56E-03,1.20E-02,1.01E-03,1.20E-02,1.56E-03,0.6119689088 },
   { 0.05362444116,1.02E-02,0.110001593,1.57E-02,9.15E-02,5.25E-03,3.50E-02,2.00E-03,1.64E-02,1.51E-03,2.10E-02,2.55E-03,0.6353764813 },
   { 0.07033758623,1.08E-02,9.75E-02,1.08E-02,7.03E-02,4.25E-03,3.15E-02,2.04E-03,1.99E-02,2.04E-03,3.15E-02,4.25E-03,0.6447509374 },
   { 0.0223086392,3.49E-03,9.79E-02,2.79E-02,0.159285846,1.72E-02,5.54E-02,1.76E-03,1.35E-02,9.18E-04,9.10E-03,1.20E-03,0.5900905506 },
   { 0.03501678102,5.25E-03,9.15E-02,1.57E-02,0.110001593,1.02E-02,5.36E-02,2.55E-03,2.10E-02,1.51E-03,1.64E-02,2.00E-03,0.6353764813 },
   { 0.04898376998,6.79E-03,8.03E-02,1.02E-02,8.03E-02,6.79E-03,4.90E-02,2.87E-03,2.80E-02,2.35E-03,2.80E-02,2.87E-03,0.6534653663 },
   { 0.06084879983,7.14E-03,6.98E-02,7.14E-03,6.08E-02,5.12E-03,4.30E-02,3.11E-03,3.40E-02,3.11E-03,4.30E-02,5.12E-03,0.6578225806 },
   { 0.02032186354,2.91E-03,7.55E-02,2.04E-02,0.14831295,2.04E-02,7.55E-02,2.91E-03,2.03E-02,1.23E-03,1.10E-02,1.23E-03,0.5998044522 },
   { 0.03150210944,4.25E-03,7.03E-02,1.08E-02,9.75E-02,1.08E-02,7.03E-02,4.25E-03,3.15E-02,2.04E-03,1.99E-02,2.04E-03,0.6447509378 },
   { 0.04296840449,5.12E-03,6.08E-02,7.14E-03,6.98E-02,7.14E-03,6.08E-02,5.12E-03,4.30E-02,3.11E-03,3.40E-02,3.11E-03,0.6578225809 },
   { 0.05190860216,5.12E-03,5.19E-02,5.12E-03,5.19E-02,5.12E-03,5.19E-02,5.12E-03,5.19E-02,5.12E-03,5.19E-02,5.12E-03,0.6578225808 },
   { 0,0,0,0,0.25,0.25,0.25,0,0,0,0,0,0.25 },
   { 0,0,0,0,0.291666667,0.208333333,0.208333333,0,0,0,0,0,0.2916666667 },
   { 0,0,5.21E-03,5.21E-03,0.322916667,0.171875,0.171875,0,0,0,0,0,0.3229166667 },
   { 0,0,1.56E-02,1.56E-02,0.34375,0.140625,0.140625,0,0,0,0,0,0.34375 },
   { 0,0,0,0,0.208333333,0.208333333,0.291666667,0,0,0,0,0,0.2916666667 },
   { 0,0,0,0,0.243055556,0.163037266,0.243055556,0,0,0,0,0,0.3508516233 },
   { 0,0,7.40E-03,5.66E-03,0.261166838,0.128690129,0.201842564,0,0,0,0,0,0.3952403407 },
   { 0,0,2.12E-02,1.40E-02,0.268614969,0.10231803,0.167036394,0,0,0,0,0,0.426815415 },
   { 0,0,0,0,0.171875,0.171875,0.322916667,5.21E-03,5.21E-03,0,0,0,0.3229166667 },
   { 0,0,0,0,0.201842564,0.128690129,0.261166838,5.66E-03,7.40E-03,0,0,0,0.3952403407 },
   { 0.0007157338624,8.28E-05,8.60E-03,4.72E-03,0.212486592,9.80E-02,0.212486592,4.72E-03,8.60E-03,8.28E-05,7.16E-04,9.62E-05,0.4486937726 },
   { 0.002253106301,3.25E-04,2.28E-02,1.07E-02,0.214085124,7.58E-02,0.173339686,3.79E-03,9.24E-03,1.85E-04,1.15E-03,1.77E-04,0.4860848426 },
   { 0,0,0,0,0.140625,0.140625,0.34375,1.56E-02,1.56E-02,0,0,0,0.34375 },
   { 0,0,0,0,0.167036394,0.10231803,0.268614969,1.40E-02,2.12E-02,0,0,0,0.426815415 },
   { 0.001153113047,1.85E-04,9.24E-03,3.79E-03,0.173339686,7.58E-02,0.214085124,1.07E-02,2.28E-02,3.25E-04,2.25E-03,1.77E-04,0.4860848426 },
   { 0.004528739289,6.25E-04,2.31E-02,8.08E-03,0.171402049,5.72E-02,0.171402049,8.08E-03,2.31E-02,6.25E-04,4.53E-03,4.07E-04,0.5269036265 },
   { 0,0,0,0,0.140625,0.140625,0.34375,1.56E-02,1.56E-02,0,0,0,0.34375 },
   { 0,0,0,0,0.167036394,0.10231803,0.268614969,1.40E-02,2.12E-02,0,0,0,0.426815415 },
   { 0.001153113047,1.85E-04,9.24E-03,3.79E-03,0.173339686,7.58E-02,0.214085124,1.07E-02,2.28E-02,3.25E-04,2.25E-03,1.77E-04,0.4860848426 },
   { 0.004528739289,6.25E-04,2.31E-02,8.08E-03,0.171402049,5.72E-02,0.171402049,8.08E-03,2.31E-02,6.25E-04,4.53E-03,4.07E-04,0.5269036265 },
   { 0,0,0,0,0.109375,0.109375,0.364583333,2.60E-02,2.60E-02,0,0,0,0.3645833333 },
   { 0,0,0,0,0.132230224,7.59E-02,0.2760631,2.24E-02,3.50E-02,0,0,0,0.4583904893 },
   { 0.001590492232,2.87E-04,9.88E-03,2.86E-03,0.13419278,5.37E-02,0.215683656,1.67E-02,3.71E-02,5.66E-04,3.79E-03,2.58E-04,0.5234759125 },
   { 0.006804372274,9.25E-04,2.34E-02,5.45E-03,0.128718974,3.86E-02,0.169464412,1.24E-02,3.70E-02,1.06E-03,7.90E-03,6.36E-04,0.5677224101 },
   { 0,0,0,0,8.33E-02,8.33E-02,0.375,4.17E-02,4.17E-02,0,0,0,0.375 },
   { 0,0,0,0,0.103830876,5.75E-02,0.27284808,3.34E-02,5.52E-02,0,0,0,0.4771519204 },
   { 0.001850535333,4.05E-04,9.60E-03,1.73E-03,0.104245806,4.00E-02,0.208570098,2.41E-02,5.73E-02,9.71E-04,6.05E-03,3.24E-04,0.54480462 },
   { 0.009102531947,1.20E-03,2.23E-02,3.49E-03,9.79E-02,2.79E-02,0.159285846,1.72E-02,5.54E-02,1.76E-03,1.35E-02,9.18E-04,0.5900905506 },
   { 0,0,0,0,6.25E-02,6.25E-02,0.375,6.25E-02,6.25E-02,0,0,0,0.375 },
   { 0,0,0,0,8.08E-02,4.42E-02,0.264917695,4.42E-02,8.08E-02,0,0,0,0.4850823046 },
   { 0.00216204492,4.26E-04,9.14E-03,1.58E-03,8.07E-02,3.01E-02,0.199084834,3.01E-02,8.07E-02,1.58E-03,9.14E-03,4.26E-04,0.5548579668 },
   { 0.01101607905,1.23E-03,2.03E-02,2.91E-03,7.55E-02,2.04E-02,0.14831295,2.04E-02,7.55E-02,2.91E-03,2.03E-02,1.23E-03,0.5998044522 },
   { 0,0,1.56E-02,1.56E-02,0.34375,0.140625,0.140625,0,0,0,0,0,0.34375 },
   { 0,0,2.60E-02,2.60E-02,0.364583333,0.109375,0.109375,0,0,0,0,0,0.3645833333 },
   { 0,0,4.17E-02,4.17E-02,0.375,8.33E-02,8.33E-02,0,0,0,0,0,0.375 },
   { 0,0,6.25E-02,6.25E-02,0.375,6.25E-02,6.25E-02,0,0,0,0,0,0.375 },
   { 0,0,2.12E-02,1.40E-02,0.268614969,0.10231803,0.167036394,0,0,0,0,0,0.426815415 },
   { 0,0,3.50E-02,2.24E-02,0.2760631,7.59E-02,0.132230224,0,0,0,0,0,0.4583904893 },
   { 0,0,5.52E-02,3.34E-02,0.27284808,5.75E-02,0.103830876,0,0,0,0,0,0.4771519204 },
   { 0,0,8.08E-02,4.42E-02,0.264917695,4.42E-02,8.08E-02,0,0,0,0,0,0.4850823046 },
   { 0.002253106301,3.25E-04,2.28E-02,1.07E-02,0.214085124,7.58E-02,0.173339686,3.79E-03,9.24E-03,1.85E-04,1.15E-03,1.77E-04,0.4860848426 },
   { 0.003790478741,5.66E-04,3.71E-02,1.67E-02,0.215683656,5.37E-02,0.13419278,2.86E-03,9.88E-03,2.87E-04,1.59E-03,2.58E-04,0.5234759125 },
   { 0.006048471165,9.71E-04,5.73E-02,2.41E-02,0.208570098,4.00E-02,0.104245806,1.73E-03,9.60E-03,4.05E-04,1.85E-03,3.24E-04,0.54480462 },
   { 0.009141617649,1.58E-03,8.07E-02,3.01E-02,0.199084834,3.01E-02,8.07E-02,1.58E-03,9.14E-03,4.26E-04,2.16E-03,4.26E-04,0.5548579669 },
   { 0.004528739289,6.25E-04,2.31E-02,8.08E-03,0.171402049,5.72E-02,0.171402049,8.08E-03,2.31E-02,6.25E-04,4.53E-03,4.07E-04,0.5269036265 },
   { 0.007904365528,1.06E-03,3.70E-02,1.24E-02,0.169464412,3.86E-02,0.128718974,5.45E-03,2.34E-02,9.25E-04,6.80E-03,6.36E-04,0.5677224101 },
   { 0.01350250496,1.76E-03,5.54E-02,1.72E-02,0.159285846,2.79E-02,9.79E-02,3.49E-03,2.23E-02,1.20E-03,9.10E-03,9.18E-04,0.5900905506 },
   { 0.02032186354,2.91E-03,7.55E-02,2.04E-02,0.14831295,2.04E-02,7.55E-02,2.91E-03,2.03E-02,1.23E-03,1.10E-02,1.23E-03,0.599804452 },
   { 0.004528739289,6.25E-04,2.31E-02,8.08E-03,0.171402049,5.72E-02,0.171402049,8.08E-03,2.31E-02,6.25E-04,4.53E-03,4.07E-04,0.5269036265 },
   { 0.007904365528,1.06E-03,3.70E-02,1.24E-02,0.169464412,3.86E-02,0.128718974,5.45E-03,2.34E-02,9.25E-04,6.80E-03,6.36E-04,0.5677224101 },
   { 0.01350250496,1.76E-03,5.54E-02,1.72E-02,0.159285846,2.79E-02,9.79E-02,3.49E-03,2.23E-02,1.20E-03,9.10E-03,9.18E-04,0.5900905506 },
   { 0.02032186354,2.91E-03,7.55E-02,2.04E-02,0.14831295,2.04E-02,7.55E-02,2.91E-03,2.03E-02,1.23E-03,1.10E-02,1.23E-03,0.5998044521 },
